-271.352920
-482.663649
-553.987373
-567.126572
-489.316160
-553.545063
-594.739937
-594.938486
-594.899236
-544.738586
-487.111150
-518.789528
-564.891135
-494.924802
-531.227213
-510.462154
-495.897201
-559.606384
-574.622497
-512.245531
-542.744413
-519.500189
-518.960205
-523.116338
-506.165023
-549.136052
-567.434456
-459.274109
-551.113056
-535.178835
-573.204643
-515.001466
-573.322779
-529.773786
-487.278040
-567.630650
-499.674800
-495.896189
-517.960965
-489.140637
-493.960273
-555.062986
-494.421568
-553.255484
-539.659640
-447.643856
-558.195154
-476.219571
27.901794
-436.211992
-253.269879
-579.437824
-550.308083
-566.511777
