1.207242819428087964e-03
1.102427256302099343e-03
8.706909585538478687e-04
3.044713440046753375e-04
-8.279296758089268668e-04
-2.670239681630787870e-03
-5.160141102380323003e-03
-7.940851492812369544e-03
-1.033492478357144091e-02
-1.140065723376989561e-02
-1.007258078359093457e-02
-5.366200089757988158e-03
3.391431623773399559e-03
1.635467091065320386e-02
3.302528216614835505e-02
5.222949656015482556e-02
7.222303230061460910e-02
9.091459479313186709e-02
1.061725387068149368e-01
1.161599830309220233e-01
1.196353247456416052e-01
1.161599830309220233e-01
1.061725387068149506e-01
9.091459479313188097e-02
7.222303230061462298e-02
5.222949656015483250e-02
3.302528216614836198e-02
1.635467091065320386e-02
3.391431623773400860e-03
-5.366200089757989025e-03
-1.007258078359093631e-02
-1.140065723376989734e-02
-1.033492478357144438e-02
-7.940851492812373014e-03
-5.160141102380323870e-03
-2.670239681630788738e-03
-8.279296758089270836e-04
3.044713440046754459e-04
8.706909585538478687e-04
1.102427256302099994e-03
1.207242819428087964e-03
