861.067273
920.819726
1004.778093
991.371722
1131.758653
1164.903943
959.409506
1067.527404
1032.860754
1303.698042
2412.205169
1150.695073
1057.786546
1947.084451
1110.405543
1003.174751
937.116677
1088.859541
885.613304
767.635517
2403.450482
959.543293
933.872431
1112.736754
960.021729
1068.345314
1008.740931
1265.158079
1050.178381
922.584194
563.040291
1146.936278
1042.289757
1146.132974
1067.600873
843.456083
1994.793111
950.282579
757.698282
891.322428
516.160639
850.278262
1266.601392
752.577953
823.323945
1116.606463
743.900610
630.368689
47.141048
966.287671
2391.418587
1659.634621
858.551591
1029.953566
