2.950000
6.840000
10.790000
14.740000
18.400000
21.960000
25.560000
29.480000
34.900000
40.770000
46.150000
51.230000
57.260000
63.260000
67.800000
72.020000
75.730000
79.610000
83.400000
89.310000
96.580000
101.710000
105.710000
109.480000
113.150000
116.640000
120.990000
125.760000
129.650000
134.200000
139.050000
143.480000
147.920000
152.140000
156.190000
161.090000
166.580000
171.240000
175.490000
179.520000
183.900000
188.940000
193.650000
197.540000
201.380000
205.540000
209.350000
211.610000
213.860000
218.100000
224.720000
231.240000
236.020000
