0.080000
3.220000
6.940000
11.120000
14.460000
18.420000
22.420000
25.560000
29.540000
34.400000
40.200000
46.800000
51.580000
56.980000
63.740000
68.140000
72.120000
75.880000
80.080000
83.500000
87.480000
97.740000
101.820000
105.540000
109.480000
113.160000
116.920000
121.400000
125.720000
130.080000
135.000000
138.780000
143.560000
147.700000
152.340000
156.540000
160.180000
167.000000
171.880000
175.880000
180.160000
183.660000
188.080000
194.300000
197.380000
201.100000
205.620000
208.980000
211.900000
212.980000
216.600000
225.760000
231.940000
236.080000
