1.000000
4.900000
8.780000
12.800000
16.680000
20.120000
23.800000
27.320000
31.640000
38.160000
43.380000
48.920000
53.540000
60.980000
65.540000
70.060000
73.980000
77.480000
81.740000
85.060000
93.560000
99.600000
103.820000
107.600000
111.360000
114.940000
118.340000
123.640000
127.880000
131.420000
136.980000
141.120000
145.840000
150.000000
154.280000
158.100000
164.080000
169.080000
173.400000
177.580000
181.460000
186.340000
191.540000
195.760000
199.320000
203.440000
207.640000
211.060000
212.160000
215.560000
220.640000
228.800000
233.680000
238.360000
